10 
-1 1 2 3 4 5 6 7 8 9
1 -1 3 5 7 9 11 13 15 17
2 3 -1 6 8 10 12 14 16 18
3 5 6 -1 8 2 7 6 4 5
4 7 8 8 -1 4 3 2 8 76
5 9 10 2 4 -1 8 5 9 1
6 11 12 7 3 8 -1 4 3 2
7 13 14 6 2 5 4 -1 2 3
8 15 16 4 8 9 3 2 -1 2
9 17 18 5 76 1 2 3 2 -1


15
-1 23 26 12 -1 8 43 2 27 44 14 -1 33 7 32
23 -1 48 9 38 25 -1 3 -1 11 23 2 13 4 12
26 48 -1 16 27 18 35 -1 4 7 21 -1 8 49 45
12 9 16 -1 42 3 6 1 20 25 -1 19 46 39 9
-1 38 27 42 -1 25 33 -1 37 -1 18 16 47 10 32
8 25 18 3 25 -1 39 -1 15 41 19 24 30 35 49
43 -1 35 6 33 39 -1 1 26 32 -1 44 11 34 49
2 3 -1 1 -1 -1 1 -1 46 48 11 45 29 -1 4
27 -1 4 20 37 15 26 46 -1 11 49 1 2 -1 -1
44 11 7 25 -1 41 32 48 11 -1 4 7 41 -1 37
14 23 21 -1 18 19 -1 11 49 4 -1 10 26 42 28
-1 2 -1 19 16 24 44 45 1 7 10 -1 39 8 48
33 13 8 46 47 30 11 29 2 41 26 39 -1 45 41
7 4 49 39 10 35 34 -1 -1 -1 42 8 45 -1 49
32 12 45 9 32 49 49 4 -1 37 28 48 41 49 -1


5
-1 3 1 5 8
3 -1 6 7 9
1 6 -1 4 2
5 7 4 -1 3
8 9 2 3 -1


5
-1 20 30 10 11
15 -1 16 4 2
3 5 -1 2 4
19 6 18 -1 3
16 4 7 16 -1


20
-1 23 26 12 -1 8 43 2 27 44 14 -1 33 7 32 46 15 -1 38 22
23 -1 48 9 38 25 -1 3 -1 11 23 2 13 4 12 36 37 45 1 -1
26 48 1 16 27 18 35 -1 4 7 21 -1 8 49 45 24 41 2 20 43
12 9 16 -1 42 3 6 1 20 25 -1 19 46 39 9 30 21 17 5 35
-1 38 27 42 -1 25 33 -1 37 -1 18 16 47 10 32 5 -1 -1 8 -1
8 25 18 3 25 -1 39 -1 15 41 19 24 30 35 49 2 29 8 12 50
43 -1 35 6 33 39 -1 1 26 32 -1 44 11 34 49 12 9 3 31 50
2 3 -1 1 -1 -1 1 -1 46 48 11 45 29 -1 4 1 7 33 6 -1
27 -1 4 20 37 15 26 46 -1 11 49 1 2 -1 -1 26 37 36 3 10
44 11 7 25 -1 41 32 48 11 -1 4 7 41 -1 37 -1 22 11 2 24
14 23 21 -1 18 19 -1 11 49 4 -1 10 26 42 28 32 30 25 8 16
-1 2 -1 19 16 24 44 45 1 7 10 -1 39 8 48 40 45 38 11 9
33 13 8 46 47 30 11 29 2 41 26 39 -1 45 41 37 -1 28 14 16
7 4 49 39 10 35 34 -1 -1 -1 42 8 45 -1 49 19 42 3 -1 9
32 12 45 9 32 49 49 4 -1 37 28 48 41 49 -1 17 8 -1 2 28
46 36 24 30 5 2 12 1 26 -1 32 40 37 19 17 -1 34 12 48 -1
15 37 41 21 -1 29 9 7 37 22 30 45 -1 42 8 34 -1 30 3 -1
-1 45 2 17 -1 8 3 33 36 11 25 38 28 3 -1 12 30 -1 17 45
38 1 20 5 8 12 31 6 3 2 8 11 14 -1 2 48 3 17 -1 -1
22 -1 43 35 -1 50 50 -1 10 24 16 9 16 9 28 -1 -1 45 -1 -1


4
-1 10 15 20
10 -1 35 25
15 35 -1 30
20 25 30 -1


3
-1 1 -1
1 -1 2
-1 2 -1


4
-1 3 1 2
3 -1 1 1
1 1 -1 -1
2 1 -1 -1

